0.675381
0.971319
0.43015
0.562608
0.867863
0.867863
0.625312
0.648845
0.460863
0.898638
0.47558
0.47558
0.28544
0.98023
0.51563
0.618272
1.01587
0.501571
0.501571
0.959688
1.29284
0.499449
0.786288
0.919059
0.3943
0.329206
0.825451
0.825451
0.61944
1.57117
1.05992
0.686573
1.13211
0.328325
0.539437
0.820916
0.385722
0.385722
1.1365
0.949165
0.811035
0.307582
0.307582
0.307582
0.818257
0.77585
0.799756
1.59015
0.485893
0.485893
1.06259
1.57364
1.06635
1.53379
0.801339
1.09383
0.796662
0.854351
0.854351
0.57823
0.854726
0.689143
1.08018
0.805527
1.86782
0.984766
0.929626
0.837565
0.93313
0.565675
0.544764
0.950351
0.950351
0.222107
0.222107
0.8345
1.02361
0.587335
1.10862
0.55922
0.955447
0.689204
0.874992
1.12515
0.777924
0.597149
0.597149
0.421829
0.490964
0.490964
1.65054
1.22633
1.04481
0.643954
0.643954
1.01233
1.01233
1.2842
2.49683
1.05191
1.05191
0.680222
0.783332
0.873579
0.822355
0.0994015
0.0994015
0.0994015
0.856033
0.675584
1.02346
1.02346
0.688302
0.769451
0.740051
0.36375
0.36375
0.611292
1.68611
1.03925
1.28344
0.562279
1.08581
0.758782
0.492827
0.657926
0.303045
0.420702
0.457774
0.457774
0.486959
0.912886
0.333716
0.308271
1.21734
1.04594
0.754521
0.776788
0.675067
0.675067
