3942.02
3186.8
4305.12
2864.06
1424.18
1182.48
4111.06
1044.94
4000.26
1033.05
4480.22
3586.91
3894.61
4363.25
4417.93
4845.39
3950.75
4638.54
4283.64
3346.65
3230.81
3354.1
4063.87
1525.23
4068.74
3384.67
939.332
756.632
766.631
496.329
3984.96
3320.8
911.574
3990.23
584.27
3261.46
4039.86
3547.98
767.477
3983.19
1332.36
4055.8
3828.12
3728.7
3727.19
4285.27
4246.39
830.219
3112.86
2995.61
4031.87
869.023
3566.78
868.232
3024.18
3772.03
2654.67
743.194
3682.96
3615.9
816.557
3723.45
1140.37
3779.98
750.254
3624.35
879.248
3766.72
1513.63
3632.29
4126.66
672.185
575.002
2942.71
2536.69
4062.69
3613.49
3847.05
558.824
3568.91
3424
3272.26
3731.34
1304.77
1095.45
628.359
3817.86
4420.85
4341.92
3812.83
675.01
806.369
1065.06
463.43
3816
3756.24
3420.35
3348.09
562.822
554.146
510.346
4502.99
3231.59
3691.86
3200.02
275.214
3218.31
2834.81
1263.37
3908.17
3977.89
3847.11
3733.56
3435.28
4407.4
4052.4
3987.9
3904.87
1001.8
3189.54
1005.26
3129.9
1189.97
3820.41
4332.28
1138.19
3987.27
3516.8
3617.15
3090.06
3436.82
4044.62
4311.4
4692.98
646.384
3798.35
3341.16
2700.24
3770.95
3659.38
