0.890244
1.04826
0.43015
1.01218
0.702014
0.702014
0.637584
0.648845
0.460863
0.553574
0.47558
0.47558
0.28544
1.09576
0.51563
0.618272
1.27327
0.501571
0.762206
1.05133
1.29284
0.499449
0.869645
0.76751
0.3943
0.329206
0.478652
0.478652
0.61944
0.470613
0.727999
0.686573
0.721317
0.328325
0.394156
0.820916
0.385722
0.385722
1.1365
1.1365
0.497535
0.307582
0.307582
0.307582
1.27859
0.77585
0.997944
0.8625
0.485893
0.485893
0.783483
0.734095
1.04199
0.906152
0.801339
0.915143
0.796662
0.686064
0.80805
0.57823
0.579971
0.689143
0.765723
0.805527
0.719264
0.854736
0.497831
0.837565
0.669319
0.565675
0.544764
0.950351
0.950351
0.222107
0.222107
0.78221
1.02361
0.587335
1.10862
0.55922
0.955447
0.610864
