1782.02
655.521
2145.12
1109.64
1630.84
1389.14
1807.33
1044.94
1840.26
2305
2320.22
1426.91
1734.61
1584.76
2257.93
2685.39
1113.27
2478.54
876.335
1342.23
1070.81
1194.1
1427.68
1889.33
1908.74
1224.67
1491.72
1309.02
766.631
2638.52
1492.72
1160.8
2351.57
1830.23
2024.27
1101.46
1879.86
1387.98
767.477
1207.49
2757.76
1895.8
1668.12
1568.7
630.709
2125.27
1008.44
1109.26
952.856
835.606
2849.28
2072.26
1406.78
2062.39
864.185
2016.85
494.667
1171.1
1522.96
1455.9
1735.09
1563.45
1652.36
1619.98
2392.22
1464.35
1864.11
1606.72
2474.07
1472.29
1966.66
672.185
575.002
782.71
376.693
1902.69
1453.49
1687.05
558.824
1408.91
1264
2552.26
