1		490.65 654.281 2		561,	561		664 859.12 2		283,	283		1527.58 1687.63 2		326,	326		1745.63 1879.56 2		5,	
1		1359.97 1457.75 2		590,	590		1737.63 1822.19 2		5,	
1		216.233 374.798 2		183,	183		1315.22 1501.96 2		64,	64		2072.4 2258.6 2		6,	
1		1324.62 1556.08 2		164,	164		1992.8 2268.51 2		7,	
1		1091.7 1245.55 2		353,	353		1587.87 1823.19 2		10,	
1		1091.7 1245.55 2		353,	353		1587.87 1823.19 2		10,	
1		957.05 1128.24 2		434,	434		1438.13 1558.83 2		4,	4		2308.4 2371.37 2		12,	
1		163.483 288.06 2		148,	148		626.633 797.05 2		325,	325		903.283 1073.24 2		13,	
1		2397.05 2568.24 2		434,	434		2809.37 3037.97 2		17,	
1		446.717 550.862 2		378,	378		1591.68 1766.15 2		437,	437		1963.75 2042.76 2		245,	245		2309.42 2421.95 2		18,	
1		1886.72 1990.86 2		378,	378		2608.48 2823.16 2		19,	
1		1886.72 1990.86 2		378,	378		2608.48 2823.16 2		19,	
1		1379.48 1547.14 2		223,	223		2169.25 2254.06 2		23,	
1		990.767 1144.93 2		211,	211		1866.9 2236.01 2		28,	
1		990.767 1144.93 2		211,	211		1469.47 1738.81 2		544,	544		2819.02 2880.91 2		30,	
1		1437.92 1703.57 2		500,	500		2865.38 3069.57 2		32,	
1		990.767 1144.93 2		211,	211		1327.47 1384.84 2		77,	77		1511.25 1614.19 2		253,	253		1748.75 1890.69 2		38,	
1		1379.48 1547.14 2		223,	223		2673.08 2786.11 2		563,	563		2870.77 2948.75 2		40,	
1		1359.97 1457.75 2		590,	590		1494.02 1701.45 2		40,	
1		1082.1 1304.41 2		118,	118		1511.47 1656.12 2		554,	554		1985.35 2077.93 2		44,	
1		820.367 1034.76 2		392,	392		1298.18 1439.92 2		631,	631		1613.48 1764.45 2		50,	
1		990.767 1144.93 2		211,	211		1387.55 1514 2		465,	465		1899.15 2083.67 2		52,	
1		490.65 654.281 2		561,	561		990.9 1122.3 2		290,	290		1676.07 1914.78 2		53,	
1		1029.4 1235.26 2		547,	547		1796.98 1910.49 2		468,	468		2013.65 2096.63 2		57,	
1		1379.48 1547.14 2		223,	223		2294 2365.51 2		60,	
1		1029.4 1235.26 2		547,	547		1812.07 1981.85 2		61,	
1		446.717 550.862 2		378,	378		1379.4 1554.77 2		26,	26		1584.2 1674.53 2		62,	
1		446.717 550.862 2		378,	378		1379.4 1554.77 2		26,	26		1584.2 1674.53 2		62,	
1		216.233 374.798 2		183,	183		388.45 497.763 2		216,	216		633.133 867.814 2		68,	
1		1886.72 1990.86 2		378,	378		2872.7 2996.51 2		248,	248		3027.27 3236.3 2		68,	
1		1379.48 1547.14 2		223,	223		1918.28 1975.66 2		301,	301		2291.97 2490.65 2		653,	653		2517.4 2673.74 2		69,	
1		1963.03 2096.21 2		532,	532		2271.25 2421.1 2		625,	625		2473.97 2575.69 2		70,	
1		446.717 550.862 2		378,	378		661.583 856.003 2		564,	564		1728.55 1893.55 2		328,	328		2491.85 2576.76 2		72,	
1		1379.48 1547.14 2		223,	223		2321.42 2491.4 2		652,	652		2821.45 3043.23 2		73,	
1		990.767 1144.93 2		211,	211		1352.4 1560.11 2		591,	591		2150.17 2297.54 2		75,	
1		1409.6 1704.4 2		214,	214		1744.58 1930.58 2		488,	488		2041.38 2221.91 2		76,	
1		990.767 1144.93 2		211,	211		1973.9 2096.23 2		79,	
1		990.767 1144.93 2		211,	211		1973.9 2096.23 2		79,	
1		136.967 260.303 2		372,	372		389.933 559.601 2		104,	104		673.35 784.677 2		81,	
1		1576.97 1700.3 2		372,	372		1829.93 1999.6 2		104,	104		2113.35 2224.68 2		81,	
1		446.717 550.862 2		378,	378		1379.4 1554.77 2		26,	26		2738.05 2860.56 2		83,	
1		1963.03 2096.21 2		532,	532		2824.58 2937.87 2		84,	
1		1963.03 2096.21 2		532,	532		2824.58 2937.87 2		84,	
1		1963.03 2096.21 2		532,	532		2824.58 2937.87 2		84,	
1		1050 1252.24 2		211,	211		1470.63 1641.58 2		87,	
1		1656.23 1814.8 2		183,	183		2554.98 2685.53 2		91,	
1		859.383 1329.12 2		39,	39		1480.63 1732.34 2		92,	
1		1091.7 1245.55 2		353,	353		1339.12 1427.83 2		525,	525		1702.5 1887.6 2		93,	
1		1379.48 1547.14 2		223,	223		1686.55 1827.1 2		494,	494		1997.4 2202.66 2		94,	
1		1379.48 1547.14 2		223,	223		1686.55 1827.1 2		494,	494		1997.4 2202.66 2		94,	
1		1656.23 1814.8 2		183,	183		2778.67 2988.3 2		197,	197		3787.83 3885.56 2		96,	
1		1029.4 1235.26 2		547,	547		1759.35 1855.03 2		34,	34		2312.18 2670.93 2		100,	
1		1671.02 1793.52 2		344,	344		2269.15 2457.43 2		436,	436		2598.85 2779.08 2		100,	
1		1886.72 1990.86 2		378,	378		2212.02 2351.21 2		452,	452		2453.87 2630.56 2		101,	
1		1576.97 1700.3 2		372,	372		1829.93 1999.6 2		104,	
1		1886.72 1990.86 2		378,	378		2212.02 2351.21 2		452,	452		2435.73 2606.41 2		54,	54		2630.5 2818.54 2		105,	
1		1603.48 1728.06 2		148,	148		1772.33 1868.2 2		107,	
1		990.767 1144.93 2		211,	211		1461.9 1673.27 2		109,	
1		1988.68 2138.49 2		591,	591		2189.57 2290.89 2		262,	262		2591.68 2685.36 2		109,	
1		1379.48 1547.14 2		223,	223		1813.82 2042.95 2		112,	
1		570.917 1106.73 2		600,	600		1640 1801.29 2		114,	
1		1379.48 1547.14 2		223,	223		2125.15 2286.78 2		231,	231		2346.83 2549.21 2		114,	
1		523.033 656.207 2		532,	532		1384.58 1497.87 2		84,	84		1696.65 1969.28 2		121,	
1		1029.4 1235.26 2		547,	547		1796.98 1910.49 2		468,	468		2208.5 2359.15 2		121,	
1		990.767 1144.93 2		211,	211		1352.4 1560.11 2		591,	591		1992.6 2180.94 2		551,	551		2776.93 2974.37 2		122,	
1		1671.02 1793.52 2		344,	344		2264.53 2605.38 2		123,	
1		990.767 1144.93 2		211,	211		1352.4 1560.11 2		591,	591		2431.12 2634.94 2		127,	
1		1656.23 1814.8 2		183,	183		1995.22 2052.46 2		78,	78		2529.65 2750.77 2		128,	
1		1379.48 1547.14 2		223,	223		2276.48 2496.74 2		130,	
1		1886.72 1990.86 2		378,	378		2398.73 2761.39 2		137,	
1		1886.72 1990.86 2		378,	378		2231.13 2382.67 2		512,	512		2863.32 3003.01 2		144,	
1		990.767 1144.93 2		211,	211		1366 1513.07 2		147,	
1		990.767 1144.93 2		211,	211		1366 1513.07 2		147,	
1		1603.48 1728.06 2		148,	
1		1603.48 1728.06 2		148,	
1		1766.12 2083.53 2		553,	553		2330.17 2546.65 2		568,	568		2618.07 2833.42 2		149,	
1		1091.7 1245.55 2		353,	353		1587.87 1823.19 2		10,	10		2115.8 2213.39 2		150,	
1		1656.23 1814.8 2		183,	183		1862.47 2003.18 2		583,	583		2645.7 2794.43 2		151,	
1		1230.1 1635.46 2		152,	
1		990.767 1144.93 2		211,	211		1387.55 1514 2		465,	465		2085.77 2270.09 2		154,	
1		1576.97 1700.3 2		372,	372		2467.5 2609.55 2		155,	
1		990.767 1144.93 2		211,	211		1352.4 1560.11 2		591,	591		2914.18 3195.1 2		156,	
