1		548.683 698.486 51386 2		591,	591		1379.43 1502.63 154388 2		326,	326		3905.63 4039.56 276879 2		5,	
1		1437.92 1703.57 51359 2		500,	500		4183.32 4353.46 307366 2		5,	
1		216.233 374.798 51270 2		183,	183		1315.22 1501.96 82818 2		64,	64		4232.4 4418.6 231243 2		6,	
1		1379.48 1547.14 51279 2		223,	223		3690.35 3847.7 258952 2		142,	142		3949.43 4022.93 244798 2		7,	
1		523.033 656.207 51369 2		532,	532		819.317 1056.85 143957 2		34,	34		1356.32 1616.53 56984 2		10,	
1		523.033 656.207 51369 2		532,	532		819.317 1056.85 143957 2		34,	34		1356.32 1616.53 56984 2		10,	
1		990.767 1144.93 51275 2		211,	211		3630.63 3801.58 256833 2		87,	87		4477.1 4675.1 235183 2		12,	
1		163.483 288.06 51259 2		148,	148		626.633 797.05 76932 2		325,	325		903.283 1073.24 107720 2		13,	
1		4557.05 4728.24 220344 2		434,	434		4969.37 5197.97 295975 2		17,	
1		446.717 550.862 51323 2		378,	378		661.583 856.003 117236 2		564,	564		1068.6 1150 149549 2		18,	
1		4046.72 4150.86 220328 2		378,	378		4768.48 4983.16 286079 2		19,	
1		4046.72 4150.86 220328 2		378,	378		4768.48 4983.16 286079 2		19,	
1		1379.48 1547.14 51279 2		223,	223		4329.25 4414.06 258923 2		23,	
1		667.167 962.717 51295 2		279,	279		3989.28 4142.38 268811 2		92,	92		4874.58 5014.5 236042 2		28,	
1		990.767 1144.93 51275 2		211,	211		3629.47 3898.81 256971 2		544,	544		4979.02 5040.91 315088 2		30,	
1		1437.92 1703.57 51359 2		500,	500		5025.38 5229.57 307369 2		32,	
1		957.05 1128.24 51339 2		434,	434		1394.35 1556.45 127006 2		158,	158		4483.18 4728.17 247570 2		38,	
1		1379.48 1547.14 51279 2		223,	223		4833.08 4946.11 259062 2		563,	563		5030.77 5108.75 318378 2		40,	
1		1379.48 1547.14 51279 2		223,	223		4833.08 4946.11 259062 2		563,	563		5030.77 5108.75 318378 2		40,	
1		957.05 1128.24 51339 2		434,	434		3627.08 3743.74 296041 2		270,	270		3988.65 4082.35 267241 2		44,	
1		820.367 1034.76 51326 2		392,	392		1298.18 1439.92 119724 2		631,	631		3773.48 3924.45 330270 2		50,	
1		990.767 1144.93 51275 2		211,	211		1387.55 1514 87944 2		465,	465		4059.15 4243.67 301421 2		52,	
1		957.05 1128.24 51339 2		434,	434		3818.77 3981.88 296076 2		408,	408		4323.77 4550.97 291393 2		53,	
1		326.117 643.529 51378 2		553,	553		804.85 929.678 147653 2		42,	42		1435.3 1732.53 58368 2		57,	
1		1379.48 1547.14 51279 2		223,	223		4454 4525.51 258937 2		60,	
1		1029.4 1235.26 51375 2		547,	547		3972.07 4141.85 315636 2		61,	
1		446.717 550.862 51323 2		378,	378		560.983 689.414 117235 2		564,	564		728.767 1122.15 149559 2		62,	
1		446.717 550.862 51323 2		378,	378		560.983 689.414 117235 2		564,	564		728.767 1122.15 149559 2		62,	
1		216.233 374.798 51270 2		183,	183		388.45 497.763 82870 2		216,	216		633.133 867.814 88743 2		68,	
1		648.2 864.266 51370 2		533,	533		976.383 1094.11 144134 2		68,	
1		3816.23 3974.8 220275 2		183,	183		4492.35 4713 251879 2		228,	228		5008.43 5165.98 259810 2		69,	
1		4123.03 4256.21 220374 2		532,	532		4431.25 4581.1 313120 2		625,	625		4633.97 4735.69 329281 2		70,	
1		231.017 353.52 51306 2		344,	344		491.183 631.161 167602 3		328,	328		1051.85 1136.76 108283 2		72,	
1		1379.48 1547.14 51279 2		223,	223		4481.42 4651.4 259084 2		652,	652		4981.45 5203.23 334056 2		73,	
1		548.683 698.486 51386 2		591,	591		710.167 857.537 154301 2		75,	
1		1409.6 1704.4 51277 2		214,	214		3904.58 4090.58 257500 2		488,	488		4201.38 4381.91 305302 2		76,	
1		990.767 1144.93 51275 2		211,	211		4133.9 4256.23 256827 2		79,	
1		990.767 1144.93 51275 2		211,	211		4133.9 4256.23 256827 2		79,	
1		136.967 260.303 51319 2		372,	372		389.933 559.601 116045 2		104,	104		673.35 784.677 69235 2		81,	
1		1409.6 1704.4 51277 2		214,	214		4479.5 4620.92 257489 2		463,	463		4850.47 5000.38 301103 2		81,	
1		523.033 656.207 51369 2		532,	532		784.8 972.946 143994 2		171,	171		1257.32 1435.16 80828 2		83,	
1		4123.03 4256.21 220374 2		532,	532		4984.58 5097.87 312977 2		84,	
1		4123.03 4256.21 220374 2		532,	532		4984.58 5097.87 312977 2		84,	
1		4123.03 4256.21 220374 2		532,	532		4984.58 5097.87 312977 2		84,	
1		3816.23 3974.8 220275 2		183,	183		4266.87 4406.87 251994 2		651,	651		4518.17 4738.06 333894 2		87,	
1		3816.23 3974.8 220275 2		183,	183		4714.98 4845.53 251837 2		91,	
1		3736.97 3860.3 220324 2		372,	372		4506.18 4718.2 285090 2		235,	235		4804.27 4970.29 261038 2		92,	
1		843.233 1053.73 51299 2		304,	304		1403.23 1608.55 104075 2		93,	
1		1379.48 1547.14 51279 2		223,	223		3846.55 3987.1 259040 2		494,	494		4157.4 4362.66 306332 2		94,	
1		1379.48 1547.14 51279 2		223,	223		3846.55 3987.1 259040 2		494,	494		4157.4 4362.66 306332 2		94,	
1		4341.38 4470.98 220337 2		405,	405		4888.1 5068.16 290894 2		96,	
1		741.383 870.984 51332 2		405,	405		960.867 1185.66 121901 2		152,	152		1274.93 1467.69 77554 2		100,	
1		3831.02 3953.52 220311 2		344,	344		4429.15 4617.43 280162 2		436,	436		4758.85 4939.08 296324 2		100,	
1		586.417 784.15 51304 2		339,	339		1260.35 1436.4 110181 2		101,	
1		3736.97 3860.3 220324 2		372,	372		3989.93 4159.6 285050 2		104,	
1		1091.7 1245.55 51309 2		353,	353		1347.42 1607.7 112773 2		403,	403		4413.17 4573.71 290559 2		105,	
1		3763.48 3888.06 220264 2		148,	148		3932.33 4028.2 245877 2		107,	
1		548.683 698.486 51386 2		591,	591		749.567 850.893 154366 2		262,	262		1151.68 1245.36 96735 2		109,	
1		4148.68 4298.49 220391 2		591,	591		4349.57 4450.89 323371 2		262,	262		4751.68 4845.36 265740 2		109,	
1		1379.48 1547.14 51279 2		223,	223		3973.82 4202.95 258947 2		112,	
1		446.717 550.862 51323 2		378,	378		735.017 882.757 117103 2		114,	
1		1379.48 1547.14 51279 2		223,	223		4285.15 4446.78 258977 2		231,	231		4506.83 4709.21 260322 2		114,	
1		570.917 1106.73 51389 2		600,	600		1299.78 1457.29 155825 2		121,	
1		1029.4 1235.26 51375 2		547,	547		3956.98 4070.49 315728 2		468,	468		4368.5 4519.15 301972 2		121,	
1		874.533 1090.84 51394 2		615,	615		1120.58 1332.4 158513 2		122,	
1		3831.02 3953.52 220311 2		344,	344		4424.53 4765.38 280073 2		123,	
1		1004.47 1331.07 51257 2		138,	138		1391.18 1650.08 75111 2		127,	
1		3816.23 3974.8 220275 2		183,	183		4155.22 4212.46 251829 2		78,	78		4689.65 4910.77 233724 2		128,	
1		446.717 550.862 51323 2		378,	378		661.583 856.003 117236 2		564,	564		1220.07 1536.3 149572 2		130,	
1		4046.72 4150.86 220328 2		378,	378		4558.73 4921.39 286113 2		137,	
1		4046.72 4150.86 220328 2		378,	378		4391.13 4542.67 286228 2		512,	512		5023.32 5163.01 309524 2		144,	
1		990.767 1144.93 51275 2		211,	211		1366 1513.07 87845 2		147,	
1		990.767 1144.93 51275 2		211,	211		1366 1513.07 87845 2		147,	
1		3763.48 3888.06 220264 2		148,	
1		3763.48 3888.06 220264 2		148,	
1		3926.12 4243.53 220383 2		553,	553		4490.17 4706.65 316793 2		568,	568		4778.07 4993.42 319251 2		149,	
1		1091.7 1245.55 51309 2		353,	353		3747.87 3983.19 281657 2		10,	10		4275.8 4373.39 221844 2		150,	
1		3816.23 3974.8 220275 2		183,	183		4022.47 4163.18 251975 2		583,	583		4805.7 4954.43 321889 2		151,	
1		1230.1 1635.46 51262 2		152,	
1		990.767 1144.93 51275 2		211,	211		1387.55 1514 87944 2		465,	465		4245.77 4430.09 301451 2		154,	
1		3736.97 3860.3 220324 2		372,	372		4627.5 4769.55 285068 2		155,	
1		990.767 1144.93 51275 2		211,	211		1352.4 1560.11 87986 2		591,	591		3634.18 3915.1 323331 2		156,	
1		3816.23 3974.8 220275 2		183,	183		4025.43 4096.07 251929 2		413,	413		4519.22 4748.24 292229 2		159,	
1		446.717 550.862 51323 2		378,	378		819.483 1338.24 117241 2		570,	570		1407.77 1606.44 150585 2		160,	
1		475.65 783.722 51233 2		56,	56		873 978.898 60952 2		471,	471		1010.03 1212.07 133504 2		161,	
1		1324.62 1556.08 51268 2		164,	
1		4924.62 5156.08 220273 2		164,	
1		3763.48 3888.06 220264 2		148,	148		4944.95 5035.66 245897 2		165,	
1		4046.72 4150.86 220328 2		378,	378		4154.53 4231.41 286183 2		391,	391		5017.87 5180.67 288418 2		167,	
1		4046.72 4150.86 220328 2		378,	378		4154.53 4231.41 286183 2		391,	391		5017.87 5180.67 288418 2		167,	
1		843.233 1053.73 51299 2		304,	304		1206.7 1452.79 104093 2		169,	
1		216.233 374.798 51270 2		183,	183		401.917 620.357 82935 2		442,	442		706.817 914.252 128407 2		170,	
1		446.717 550.862 51323 2		378,	378		1048.42 1293.45 117238 2		568,	568		1365.55 1496.68 168443 3		170,	
1		523.033 656.207 51369 2		532,	532		784.8 972.946 143994 2		171,	
1		4123.03 4256.21 220374 2		532,	532		4384.8 4572.95 312999 2		171,	
1		4046.72 4150.86 220328 2		378,	378		4205.78 4284 286090 2		49,	49		4635.02 4860.25 228648 2		172,	
1		4046.72 4150.86 220328 2		378,	378		4205.78 4284 286090 2		49,	49		4635.02 4860.25 228648 2		172,	
1		4024.77 4303.77 220329 2		380,	380		4565.65 4687.36 286487 2		174,	
1		1147.85 1287.22 51269 2		175,	
1		741.383 870.984 51332 2		405,	405		969.05 1193.8 121911 2		176,	
1		741.383 870.984 51332 2		405,	405		969.05 1193.8 121911 2		176,	
1		446.717 550.862 51323 2		378,	378		1432.7 1556.51 117143 2		248,	248		4706.37 4832.71 263277 2		177,	
1		1379.48 1547.14 51279 2		223,	223		3846.55 3987.1 259040 2		494,	494		4068.22 4292 306346 2		178,	
1		3763.48 3888.06 220264 2		148,	148		4226.63 4397.05 245937 2		325,	325		4802.97 4957.62 276768 2		180,	
1		990.767 1144.93 51275 2		211,	211		3605.12 3781.17 256871 2		200,	200		3796.3 4011.1 254872 2		181,	
1		216.233 374.798 51270 2		183,	
1		3816.23 3974.8 220275 2		183,	
1		3816.23 3974.8 220275 2		183,	
1		446.717 550.862 51323 2		378,	378		570.85 785.285 117130 2		198,	198		1167.72 1418.37 85530 2		184,	
1		1379.48 1547.14 51279 2		223,	223		4723.82 4953.14 259042 2		504,	504		4983.72 5075.61 308135 2		184,	
1		957.05 1128.24 51339 2		434,	434		3627.08 3743.74 296041 2		270,	270		4321.2 4586.44 267279 2		185,	
1		957.05 1128.24 51339 2		434,	434		3627.08 3743.74 296041 2		270,	270		4321.2 4586.44 267279 2		185,	
1		3763.48 3888.06 220264 2		148,	148		4927.52 5124.61 245903 2		186,	
1		3816.23 3974.8 220275 2		183,	183		3987.15 4224.7 251896 2		309,	309		4393.35 4642.86 273955 2		191,	
1		3816.23 3974.8 220275 2		183,	183		4022.47 4163.18 251975 2		583,	583		4922.4 5355.52 321899 2		192,	
1		1379.48 1547.14 51279 2		223,	223		4661.52 4855.19 258965 2		193,	
1		1379.48 1547.14 51279 2		223,	223		4661.52 4855.19 258965 2		193,	
1		1437.92 1703.57 51359 2		500,	500		4522.37 4676.27 307425 2		195,	
1		667.167 962.717 51295 2		279,	279		1001.62 1121.03 99883 2		438,	438		1313.47 1554.29 127687 2		196,	
1		1437.92 1703.57 51359 2		500,	500		3768.07 3851.08 307457 2		314,	314		4216.58 4494.84 274876 2		196,	
1		874.533 1090.84 51394 2		615,	615		1404.63 1646.85 158531 2		199,	
1		990.767 1144.93 51275 2		211,	211		3605.12 3781.17 256871 2		200,	
1		446.717 550.862 51323 2		378,	378		772.017 911.212 117202 2		452,	452		1435.85 1545.16 130195 2		203,	
1		1379.48 1547.14 51279 2		223,	223		4329.25 4414.06 258923 2		23,	23		4867.33 5078.67 224134 2		205,	
1		4046.72 4150.86 220328 2		378,	378		4372.02 4511.21 286207 2		452,	452		4814.6 5000.86 299203 2		208,	
1		446.717 550.862 51323 2		378,	378		1320.2 1414.29 117131 2		212,	
1		1029.4 1235.26 51375 2		547,	547		4697.82 4903.21 315674 2		213,	
1		4123.03 4256.21 220374 2		532,	532		4472.42 4580.55 313012 2		215,	
1		3816.23 3974.8 220275 2		183,	183		3988.45 4097.76 251875 2		216,	
1		3816.23 3974.8 220275 2		183,	183		3988.45 4097.76 251875 2		216,	
1		446.717 550.862 51323 2		378,	378		1186.92 1409.91 117205 2		466,	466		3607.85 3826.69 301666 2		220,	
1		4046.72 4150.86 220328 2		378,	378		4514.63 4700.5 286208 2		460,	460		4924.6 5255.05 300616 2		220,	
1		3816.23 3974.8 220275 2		183,	183		4779.4 5100.48 251878 2		226,	
1		3816.23 3974.8 220275 2		183,	183		4266.87 4406.87 251994 2		651,	651		4798.05 5007.63 333920 2		227,	
1		216.233 374.798 51270 2		183,	183		422.467 563.184 82970 2		583,	583		642.083 856.801 152906 2		230,	
1		4090.65 4254.28 220384 2		561,	561		4881.92 4972.27 318179 2		608,	608		5012.22 5196.15 326262 2		230,	
1		1379.48 1547.14 51279 2		223,	223		3973.82 4202.95 258947 2		112,	112		4462.35 4626.28 239734 2		232,	
1		1379.48 1547.14 51279 2		223,	223		3690.35 3847.7 258952 2		142,	142		3934.7 4016.75 244858 2		234,	
1		3736.97 3860.3 220324 2		372,	372		4506.18 4718.2 285090 2		235,	
1		3736.97 3860.3 220324 2		372,	372		4506.18 4718.2 285090 2		235,	
