1		548.683 698.486 2		591,	591		1379.43 1502.63 2		326,	326		1745.63 1879.56 2		5,	
1		1359.97 1457.75 2		590,	590		1737.63 1822.19 2		5,	
1		216.233 374.798 2		183,	183		1315.22 1501.96 2		64,	64		2072.4 2258.6 2		6,	
1		1324.62 1556.08 2		164,	164		1992.8 2268.51 2		7,	
1		1091.7 1245.55 2		353,	353		1587.87 1823.19 2		10,	
1		1091.7 1245.55 2		353,	353		1587.87 1823.19 2		10,	
1		957.05 1128.24 2		434,	434		1438.13 1558.83 2		4,	4		2308.4 2371.37 2		12,	
1		163.483 288.06 2		148,	148		626.633 797.05 2		325,	325		903.283 1073.24 2		13,	
1		2397.05 2568.24 2		434,	434		2809.37 3037.97 2		17,	
1		446.717 550.862 2		378,	378		1591.68 1766.15 2		437,	437		1963.75 2042.76 2		245,	245		2309.42 2421.95 2		18,	
1		1886.72 1990.86 2		378,	378		2608.48 2823.16 2		19,	
1		1886.72 1990.86 2		378,	378		2608.48 2823.16 2		19,	
1		1379.48 1547.14 2		223,	223		2169.25 2254.06 2		23,	
1		990.767 1144.93 2		211,	211		1866.9 2236.01 2		28,	
1		990.767 1144.93 2		211,	211		1469.47 1738.81 2		544,	544		2819.02 2880.91 2		30,	
1		1437.92 1703.57 2		500,	500		2865.38 3069.57 2		32,	
1		990.767 1144.93 2		211,	211		1327.47 1384.84 2		77,	77		1511.25 1614.19 2		253,	253		1748.75 1890.69 2		38,	
1		1379.48 1547.14 2		223,	223		2673.08 2786.11 2		563,	563		2870.77 2948.75 2		40,	
1		1359.97 1457.75 2		590,	590		1494.02 1701.45 2		40,	
1		957.05 1128.24 2		434,	434		1467.08 1583.74 2		270,	270		1828.65 1922.35 2		44,	
1		820.367 1034.76 2		392,	392		1298.18 1439.92 2		631,	631		1613.48 1764.45 2		50,	
1		990.767 1144.93 2		211,	211		1387.55 1514 2		465,	465		1899.15 2083.67 2		52,	
1		490.65 654.281 2		561,	561		990.9 1122.3 2		290,	290		1676.07 1914.78 2		53,	
