1.04826
1.04826
0.843198
1.01218
0.702014
0.702014
1.32847
1.14248
0.460863
2.10737
0.47558
0.47558
0.28544
1.09576
0.727674
0.618272
1.90294
0.762206
0.762206
1.40938
1.64748
1.98517
1.04235
1.49642
0.3943
0.329206
1.32202
1.32202
1.04527
0.942436
1.2933
0.847344
0.960828
0.859951
0.539437
1.21792
0.385722
0.385722
1.1929
1.1929
0.923396
0.307582
0.307582
0.307582
1.27859
0.77585
0.997944
1.59015
0.976254
0.976254
1.06259
1.44742
2.99956
1.11686
0.801339
1.40761
0.796662
0.686064
2.6824
0.57823
0.579971
0.854726
1.08018
1.08044
1.01965
1.10924
0.929626
1.50094
0.669319
0.565675
0.883749
0.950351
0.950351
0.222107
0.222107
1.53838
1.19817
1.15719
1.10862
1.77378
0.955447
1.65346
1.60344
1.19065
0.54319
0.597149
0.597149
0.421829
1.29048
1.23454
0.938427
0.974995
0.974995
0.643954
0.643954
1.61753
1.44125
1.2842
0.924276
1.05191
1.05191
1.26519
1.02598
1.01869
1.57028
0.0994015
0.0994015
0.0994015
1.26186
1.27737
1.40866
1.40866
0.688302
1.01175
1.27131
0.36375
0.36375
0.611292
0.899878
1.08984
1.28344
0.562279
0.700467
1.54623
0.774
0.657926
0.303045
0.420702
0.457774
0.457774
0.971332
2.8212
0.333716
1.10855
0.610349
2.10304
1.27701
1.29604
0.675067
0.675067
0.982563
1.89125
1.13779
0.979196
0.235947
0.235947
0.93097
0.816549
1.64188
0.759201
1.37035
0.922459
0.87769
0.726276
1.41978
1.00381
0.617392
1.73642
0.414288
0.472482
0.74794
2.93987
0.666238
0.834621
0.804788
0.804788
1.50043
0.711746
0.711746
0.847118
2.24182
1.56311
0.948803
1.20393
1.3211
1.60298
0.909058
0.740877
0.612717
0.666591
1.48687
1.40758
0.803137
1.56507
0.514779
1.60303
1.46632
1.93212
1.19089
0.526191
0.439312
1.06382
1.05718
1.0783
1.25007
1.13418
0.967946
0.967946
1.17791
2.43225
0.90826
1.43874
1.43874
0.815885
1.18353
0.556163
1.00905
1.40604
1.40604
0.477404
1.60303
1.08477
0.678852
0.964823
0.964823
0.682986
1.79759
0.106316
0.48362
0.48362
1.55452
1.43692
0.910305
0.987817
0.619237
0.619237
0.801302
0.276414
0.276414
1.18356
0.661276
0.849286
1.48204
1.46716
1.08231
1.40716
0.673549
0.379283
0.379283
0.679696
0.679696
1.06552
1.3536
0.564185
1.40548
1.2999
0.206865
0.699361
0.657778
0.51919
0.668046
0.637693
0.179225
0.179225
0.50467
0.50467
0.387348
0.937798
1.22317
0.535921
0.535921
0.580016
2.21963
0.634227
0.634227
1.71237
1.03586
1.03586
0.85984
1.31718
2.15729
0.716319
0.859596
2.10628
0.834298
0.766433
2.10896
0.395231
0.749311
0.371713
0.60131
1.17414
1.94269
1.65769
1.34519
0.873566
0.873566
1.48243
1.55446
1.5773
0.364394
1.24652
1.24652
1.13158
1.42077
0.983593
1.46657
0.764653
0.344458
1.07905
0.787256
1.08769
1.03491
0.294751
0.482365
0.874166
0.619071
1.3097
1.88467
1.69848
1.05696
1.05191
0.662518
1.88804
1.88804
0.29564
1.73649
0.439568
0.439568
0.439568
0.439568
2.70428
0.110306
0.110306
1.84195
0.455889
0.455889
0.77809
0.678283
0.645556
0.838132
1.31285
0.565522
0.565522
0.778802
0.21224
1.37556
1.02722
0.52811
0.52811
1.44583
1.74998
0.678359
0.533668
0.508899
0.746142
0.274731
0.620404
1.15374
0.297507
0.995292
0.515871
0.515871
1.01393
0.966616
0.800635
1.17791
1.49387
1.52942
0.656928
0.656928
0.509106
1.46343
0.63864
0.483144
0.542049
1.18689
0.652692
1.3038
2.32639
1.6676
1.85055
1.16731
1.16731
0.248353
0.248353
0.248353
0.651538
0.651538
1.4304
0.296283
1.4528
1.43507
0.389891
0.220904
0.736349
0.736349
0.720612
0.352678
0.352678
1.13448
1.13448
1.39681
1.03382
2.40688
0.65739
0.665365
1.35064
1.35064
2.01945
1.94285
1.13168
1.16579
1.59989
1.59989
1.44166
1.21246
2.12673
2.22126
1.16953
1.50058
1.89204
1.99313
1.9558
1.3329
0.92856
0.92856
0.801827
0.47498
0.69815
3.17339
1.84015
1.94815
0.883141
0.883141
2.3076
0.954533
0.933771
0.933771
0.846963
1.89712
1.24611
1.45999
1.53936
2.25749
1.42105
0.938938
0.856672
2.00946
1.55719
1.2413
1.15836
0.739757
0.542746
1.20962
1.20962
0.572397
1.39168
1.48487
1.48487
0.794203
0.794203
1.53723
1.02654
1.62341
1.43336
1.47396
0.414605
1.67874
1.40327
1.85212
1.19072
0.892184
0.7835
0.7835
1.75591
1.81472
0.917764
0.917764
0.512059
0.512059
0.823832
1.68592
1.68592
1.06078
0.741376
0.607789
0.925432
1.02187
1.69879
0.690852
0.469511
0.469511
1.40541
1.78781
0.771684
0.876098
0.876098
1.42327
0.876098
1.30912
0.666747
0.666747
1.53592
0.895636
0.895636
1.08171
1.66849
1.18109
0.557447
1.57443
1.14441
1.13391
0.570463
0.570463
0.750125
0.872013
1.2788
1.176
1.176
1.22104
2.252
1.84423
1.7827
1.93954
1.8478
1.03824
0.913568
0.745857
1.44981
0.708403
1.59672
0.828296
1.71916
0.482683
1.40954
0.619911
1.14913
1.14913
1.14913
1.04294
1.0043
1.87687
1.87687
1.18249
1.09788
1.57951
1.41045
1.50071
1.30712
1.02285
1.51584
1.54328
1.57235
0.54162
1.59923
0.816301
0.816301
0.792013
0.990614
1.31898
1.63937
1.63937
1.63937
1.29931
0.656265
0.656265
1.1228
0.480486
1.38061
1.23238
2.18022
1.36745
1.36745
1.76503
1.3155
1.73903
1.73903
1.33937
0.876768
0.639358
0.904711
0.904711
1.23632
0.74394
0.880083
1.25583
1.37518
2.35505
1.40132
1.16234
2.97951
0.908045
1.15501
2.43726
0.937134
0.962601
1.39853
1.99434
1.85211
0.963359
0.963359
0.963359
1.62133
0.393805
1.2484
0.878222
0.878222
1.38951
0.846767
1.49941
0.993703
0.722353
0.722353
0.722353
0.450242
1.31569
0.658141
1.18253
1.13532
1.3393
0.67278
1.41203
0.548275
2.01951
0.35139
0.35139
2.21575
0.965103
0.657481
1.17228
0.628879
0.628879
1.41734
0.928694
1.22824
1.52769
0.693184
0.535424
1.4935
1.4935
0.513526
0.968028
0.968028
0.361262
1.27738
1.1124
1.79449
1.79449
2.37281
2.26605
1.37695
1.45797
2.0584
0.917375
0.905499
1.61959
1.42457
1.22268
1.22646
1.416
0.408448
1.29682
1.02737
1.27501
1.16382
1.42487
1.5566
1.35727
0.94643
1.34989
0.588355
0.729147
0.729147
1.48788
1.13578
1.31415
1.31415
1.49475
1.68602
1.68602
1.4076
1.29696
1.62105
1.59452
1.70992
0.575591
1.08578
1.22485
0.527718
0.527718
0.97176
0.97176
0.684444
1.6769
0.609954
0.609954
0.421558
1.64756
2.69446
2.01234
0.789524
0.789524
1.26726
1.26726
0.896738
0.480155
2.07226
0.700904
0.700904
0.946071
0.946071
1.46502
0.706778
0.706778
1.14675
0.945481
3.05098
1.07055
1.07055
2.15494
1.06055
0.562433
0.645472
0.835731
1.84875
1.13102
1.13102
1.13102
1.13102
1.13102
0.708111
0.708111
1.31186
2.61387
1.72154
2.17492
1.40252
1.40252
1.06687
0.951622
1.10148
1.80641
0.966654
0.61666
1.26327
1.41163
2.06453
0.660851
1.47148
1.53714
1.25093
1.25093
2.34271
0.55663
0.571354
0.696745
2.71201
1.06181
0.465789
0.465789
0.465789
1.0299
1.4489
0.682209
1.32934
1.6356
0.775394
0.464494
1.54161
1.3319
1.3319
1.12392
1.68219
1.74472
0.571051
1.10367
1.202
1.21283
0.616454
1.2031
1.2031
1.07457
0.663972
0.869221
1.41386
1.51985
1.31124
1.48462
1.15629
0.830142
2.36417
0.794185
0.654949
1.52834
0.795701
1.27232
0.528871
1.22508
1.22508
1.45845
0.985521
2.23305
0.463038
0.715661
0.740554
0.740554
0.740554
0.820769
0.820769
0.954823
3.11149
0.753011
0.753011
0.753011
1.40389
1.40389
1.76961
1.9089
1.10196
1.18105
1.05157
1.05157
1.52807
1.61511
1.06558
1.67783
0.806331
2.12398
1.82988
1.82988
0.793691
0.793691
0.983052
0.987152
0.736505
0.878455
1.82762
1.00088
1.44344
1.60282
0.91872
1.06844
1.32885
1.54856
0.706514
0.765469
0.765469
0.309323
0.309323
0.88938
0.88938
0.864725
1.01993
1.01993
1.14588
0.793042
1.41783
0.917007
0.917007
1.06411
0.267768
1.83087
1.46884
1.0214
1.50662
2.5545
0.730529
0.730529
0.728418
0.728418
0.407996
0.407996
1.36965
1.67741
1.13605
1.00035
1.91393
1.17353
1.17353
1.17353
0.931699
0.931699
0.931699
1.1914
0.342739
0.342739
1.6427
0.844478
0.595437
0.670443
2.537
2.14434
0.945589
0.945589
1.33463
1.33463
1.16489
1.60321
0.608621
1.50193
0.166177
2.0143
2.14791
1.02858
1.79633
0.240299
0.883624
1.17003
0.400442
0.898984
0.898984
0.898984
0.628662
1.42851
0.674938
1.10267
1.10267
1.50374
1.45418
1.20363
1.56662
1.11284
0.946174
2.0812
0.94756
1.41208
1.49028
1.2696
1.35153
1.35153
0.870893
0.925502
0.925502
0.925502
1.00574
1.14814
0.739024
0.503238
1.01449
0.766297
1.29262
0.898505
0.898505
0.68531
0.92506
0.830212
0.830212
0.625311
0.83022
2.41739
0.862886
1.18961
0.960648
1.04601
0.71716
0.829111
0.829111
1.30544
1.26686
0.804061
0.822325
2.00881
2.38236
0.754801
1.73251
1.50645
0.463335
0.463335
0.463335
1.9095
1.05646
1.7141
0.756899
0.812284
0.763457
0.206732
0.560209
0.5876
0.637949
1.69622
0.560437
1.00287
1.00287
1.00287
1.32309
0.535007
0.659986
0.659986
1.42259
1.16247
1.175
0.67449
0.869724
0.869724
1.23103
0.606937
1.40546
0.957745
0.957745
1.26328
1.26328
0.413871
1.03804
0.811188
0.638326
0.638326
1.05412
1.05412
1.23826
0.756948
0.731599
0.25819
1.6755
0.982041
0.696095
0.463703
0.397548
1.04209
1.70388
1.06421
1.46012
1.55247
0.967343
1.45267
1.45267
0.809906
1.82955
1.71012
1.18024
1.18024
0.949374
1.42069
1.43978
0.836296
2.0749
1.51569
1.13425
0.775638
0.86479
1.22018
1.05176
0.509156
1.10254
0.7982
0.502424
0.825318
0.969201
1.24583
0.900129
0.812718
1.37698
0.539964
0.90532
0.774154
1.14665
0.402428
1.15571
1.15886
2.0812
0.729759
0.729759
1.33888
0.90287
1.52249
0.555842
1.54087
1.36039
1.36039
1.36039
1.81618
0.272538
1.58148
1.13959
1.1964
1.43789
0.727618
1.29583
1.02444
1.55728
1.55728
1.00479
1.02276
1.15155
1.0079
1.90518
1.70677
0.678528
0.849188
1.29163
1.54006
1.09918
0.609953
2.18325
0.82955
0.82955
0.947736
1.46577
1.08565
1.29146
1.28675
1.63008
1.27461
0.893335
0.454004
1.34956
1.34956
0.385645
0.385645
0.581934
1.64948
2.54025
1.08474
2.62184
1.20942
0.75153
1.00821
1.00821
1.21775
2.52736
1.27532
0.465758
1.99659
1.21337
1.21337
1.21337
0.609059
0.619698
0.619698
0.345126
1.29035
1.29035
0.81203
0.81203
0.81203
1.38217
0.742654
1.49854
1.49854
1.36866
0.648346
0.820639
0.820639
1.098
1.05071
1.37683
0.537328
0.904246
0.852759
0.83606
1.474
0.88292
0.733941
0.733941
1.14751
2.17416
1.6424
1.20322
1.20322
1.21968
0.302006
0.43155
1.46895
1.65996
1.23641
1.23641
1.23458
1.09497
0.971456
0.702795
1.09798
1.09798
1.26854
0.758524
0.813869
0.90833
0.654304
0.476332
0.315328
0.315328
0.439799
0.47849
1.35234
0.527486
0.617706
0.650983
0.650983
0.748587
0.764837
1.31274
1.09332
1.09332
1.09332
1.38157
1.09707
1.54318
1.04051
0.72194
1.47686
1.08951
0.775734
0.775734
1.13414
0.737048
0.410908
1.01542
1.44578
0.449756
0.95218
0.95218
1.39305
0.811988
0.811988
0.723659
1.3019
1.08605
1.45485
0.481901
0.866985
1.40423
1.40423
0.398394
1.00332
1.58952
0.953427
1.35108
0.86347
0.33566
0.839931
1.22688
1.22688
0.978494
0.721423
0.754837
0.754837
0.754837
1.05929
0.907238
0.848191
0.752105
0.752105
0.752105
0.752105
1.10885
0.900916
0.728381
0.407623
1.14768
1.57272
1.57272
0.625375
0.625375
0.678019
0.736523
0.37936
0.37936
0.37936
1.35813
1.29845
1.29845
1.29845
0.533001
0.533001
0.793045
0.793045
0.5589
0.876308
0.905167
1.6857
0.78024
0.78024
0.653387
0.907867
0.589505
0.618756
0.719423
0.783599
1.06337
0.974929
0.548059
0.422961
0.422961
1.51461
0.441805
0.326147
0.326147
1.08081
1.08081
0.511854
0.511854
0.74893
1.3818
0.832248
0.973399
0.973399
0.521813
0.725167
0.919547
2.19314
0.716398
0.919796
0.778449
0.510351
0.658166
1.23392
1.18406
1.12111
1.53239
0.817926
0.712521
0.712521
0.45483
0.506789
0.506789
0.717878
1.62688
0.849715
1.62428
0.660265
0.987126
0.828724
0.828724
0.743325
1.43382
1.24625
1.2444
1.2607
1.73693
1.14092
0.937405
0.665818
1.46321
0.558733
1.66897
1.66897
0.649256
0.649256
0.908569
0.552685
0.966428
0.966428
0.966428
0.994802
0.994802
2.28011
1.17941
0.61153
0.417256
0.505828
0.354431
0.354431
0.354431
1.44444
1.45243
1.33357
0.789545
0.81663
1.52606
1.52606
0.535719
2.03506
2.03506
1.65639
1.00167
1.06963
0.936173
0.863285
0.89009
1.40071
1.64838
0.732522
1.02524
0.505213
0.977918
1.24385
0.892274
0.892274
0.62032
1.66434
0.820305
0.820305
1.06647
1.12151
1.16897
0.908231
1.22863
1.34863
0.658524
0.658524
0.658524
1.44064
0.923549
0.586249
0.881447
1.3243
0.396118
1.07973
1.55551
1.26229
0.806344
0.806344
1.56755
0.780927
1.61843
0.834916
0.788716
0.476652
0.476652
0.689681
0.641339
1.05874
0.245848
0.974864
1.31118
0.604472
1.08292
0.444004
1.97097
0.987678
2.00455
0.902215
1.35069
0.350157
0.350157
4.02866
0.887514
1.33966
1.18714
1.18714
0.487443
0.765944
1.68599
2.10966
0.90856
0.868919
0.868919
1.21693
0.725119
0.773067
0.814095
0.11891
0.606062
0.694783
0.638015
0.638015
0.839954
0.839954
0.839954
1.28548
1.28548
2.42492
2.06297
1.15212
0.472383
1.5867
1.1799
0.837711
0.659638
0.659638
0.75234
0.75234
0.75234
0.411234
0.604898
0.604898
0.638051
1.37172
2.09369
0.741737
0.785868
0.944527
0.88147
0.88147
0.873432
0.747831
0.752834
0.740815
0.999617
0.642278
0.633376
0.633376
0.659669
1.08565
0.573342
2.07057
2.07057
0.992635
0.649603
1.03649
1.25478
1.22057
1.07161
0.737865
0.314446
1.40377
0.425194
1.2659
1.32577
0.879795
0.575446
0.575446
1.98916
2.91757
0.253255
0.85212
0.652768
0.321668
1.05471
0.770856
1.39525
1.36053
0.83138
0.782445
0.68121
1.15933
1.13546
1.38152
0.82904
0.926966
1.00302
2.26807
1.2548
1.1656
1.59712
1.52963
2.16495
0.911289
0.911289
0.705262
0.705262
1.57794
0.332847
1.90864
2.78347
1.97197
1.0635
1.04416
0.905733
1.07257
0.362906
1.45145
0.972658
0.874286
0.724941
0.806734
0.371156
0.371156
0.371156
0.582067
0.370957
1.43434
1.50021
1.17385
0.932337
0.932337
1.20347
0.985311
1.75409
0.505498
0.607398
1.1705
0.812841
0.651874
0.979134
1.3429
1.3429
0.489368
1.92428
1.92428
0.800594
1.75512
1.28456
1.36575
0.688808
1.63443
0.677463
1.99762
0.445718
0.842777
0.346162
0.346162
1.55792
0.293071
0.652073
0.792449
0.792449
0.792449
0.682078
0.893284
0.934737
1.27523
0.761896
0.772616
1.68417
1.07873
0.855691
0.855691
2.08233
0.935628
0.76681
0.636039
0.837686
0.837686
0.865282
0.881629
1.19105
2.11765
1.7123
1.09186
1.09186
1.61044
1.61044
1.39415
0.780587
1.18519
1.53079
0.846108
1.53103
1.53103
0.801354
0.680428
2.06158
2.06158
1.19755
1.87704
1.52857
1.97032
1.28562
0.713321
0.713321
0.712909
0.712909
0.841884
1.53793
0.587696
1.16113
0.69525
0.751801
0.823527
0.462489
1.21914
0.650364
0.988367
1.01293
1.22411
1.96554
0.408292
0.346746
0.665865
0.665865
2.02714
2.02714
0.830932
1.76188
0.741857
1.05806
0.786301
0.44646
1.13448
1.39681
0.441289
1.44295
0.464857
0.630608
0.630608
1.00637
1.12173
2.2696
0.526197
1.13359
1.13359
0.274493
1.01165
1.0334
0.738001
0.738001
2.57706
2.57706
1.13117
0.652462
0.849525
1.76287
0.549671
0.970749
1.01373
1.01373
0.545532
0.545532
0.832755
0.832755
0.896925
1.06141
0.99242
1.21008
1.21008
1.6657
0.699795
0.560152
0.560152
1.02377
0.658827
0.895758
0.895758
0.727424
0.500789
0.500789
0.88665
0.188888
0.677348
0.9688
0.879009
1.28517
1.27703
1.61145
0.966125
0.966125
0.971554
1.65861
1.65861
0.269021
0.269021
0.269021
0.269021
0.550893
1.16401
0.589176
0.589176
0.502578
0.502578
0.502578
1.27579
0.967262
0.967262
2.12075
2.12075
0.61653
0.598019
0.677462
0.859025
0.896261
1.29504
1.0517
1.26153
0.946779
1.40666
0.380119
0.948379
0.948379
0.899035
1.16782
1.16782
2.55795
0.713841
1.13395
1.2723
1.33238
2.02352
0.57576
1.39835
0.801376
0.495836
1.00435
1.23868
1.31842
0.666113
2.35805
1.53481
0.907127
1.33229
1.07508
0.485403
0.593134
0.990731
0.844706
0.480638
1.23732
1.48165
1.8754
0.717088
0.717088
1.1272
1.69977
1.69977
1.32834
1.69977
1.3935
1.18547
0.676937
0.832268
0.962577
0.687403
0.687403
0.963342
1.44752
1.44752
1.44752
0.921246
0.921246
0.791789
0.791789
1.60517
0.85155
0.85155
0.74437
0.791793
1.9635
1.7798
0.777833
1.01401
1.01401
1.87036
0.658061
1.00678
0.776307
0.776307
1.07424
1.17014
0.93214
0.706254
0.706254
1.23325
0.569352
0.569352
0.569352
0.569352
1.28481
1.94435
1.21756
0.394966
0.972795
1.02915
1.02915
0.717589
1.04841
0.418812
0.800259
0.680656
1.03649
0.906219
0.406633
1.21747
1.52632
0.715249
1.31327
0.992694
0.996605
1.85433
0.650037
0.844711
0.844711
0.616308
0.762041
0.786119
1.36243
0.260316
1.05046
1.66098
0.735294
1.14722
0.660276
0.507031
0.507031
1.95432
0.66106
0.641727
0.862196
0.714474
0.714474
0.676986
1.88107
0.819154
1.90763
1.90763
0.633061
0.788725
1.44706
0.69275
0.930624
1.58942
0.954142
0.954142
0.670652
0.959611
0.442402
1.49979
1.49979
0.631561
1.59996
1.23808
0.787636
1.24468
0.728409
1.19195
0.889209
1.68703
0.563658
0.563658
0.563658
1.25539
0.902594
1.06212
0.414947
0.471321
0.471321
1.30562
2.40332
1.63403
0.568902
0.983409
1.35528
0.723899
0.911977
0.911977
0.513707
0.527631
0.783888
0.783888
0.52371
1.14585
1.39826
1.30788
0.516592
0.961907
0.961907
1.23255
0.85174
0.7107
1.25535
1.74055
0.638858
0.638858
1.27746
0.937673
0.620114
0.708523
0.708523
0.708523
0.766175
0.596811
1.10227
0.813302
0.813302
0.840747
1.17687
1.17365
1.87611
0.643795
1.21903
0.973072
1.26622
1.55612
0.504569
1.3889
0.974882
1.11096
1.7472
0.705895
1.73859
1.14867
1.2418
1.021
1.72174
1.12539
2.74907
1.69807
1.73164
0.341479
1.03469
1.67914
0.325328
0.325328
1.06972
0.700766
0.669118
0.669118
0.649172
1.08392
1.39113
0.476366
0.903029
0.903029
0.717536
0.830677
0.850706
0.455853
0.455853
0.789181
0.598553
0.121277
0.703963
0.865493
1.44272
1.64041
1.11944
1.26234
0.881784
1.20746
1.31592
0.972999
0.758436
0.758436
1.26882
0.900527
1.52942
1.20541
1.16471
1.63127
1.37395
0.53122
0.457954
1.01689
1.02111
1.38212
1.25253
1.25253
0.784049
1.17736
0.710286
0.332381
1.5489
0.774307
0.810135
0.810135
1.18264
0.65599
0.849997
0.826961
1.91805
0.77718
1.73983
1.11808
0.391674
0.881718
1.14865
1.14865
1.14865
1.32237
1.19454
1.19454
0.906508
0.534239
0.906321
0.948439
0.447412
0.680729
2.05993
2.05993
0.888396
0.888396
0.888396
0.888396
0.774232
0.465514
0.621276
0.897973
1.47931
0.958891
1.61766
1.25244
2.09787
1.14099
0.517278
0.517278
1.21674
0.77087
1.12428
1.12428
0.74069
1.16468
0.29265
0.29265
0.988599
0.554424
0.938218
0.750168
1.31035
1.46164
0.604234
0.781245
0.41053
0.974426
0.967596
0.616747
0.559296
1.31505
0.53501
0.884613
1.51574
1.52556
1.39063
0.385811
0.69262
1.09995
1.09995
1.74786
1.15926
0.528789
0.528789
1.02725
0.493639
0.536664
0.536664
1.53927
1.53927
0.90565
0.665955
0.679074
1.16367
2.32519
1.67838
0.771207
0.717351
1.36982
1.36982
1.04312
0.878828
0.6812
0.37195
0.37195
0.34893
0.656758
1.18128
1.20361
0.916469
0.410831
1.0129
0.200445
0.964113
1.25776
0.940078
0.7503
0.7503
0.532622
0.566037
0.566037
1.17896
1.17896
0.931982
0.931982
0.782262
0.778274
0.782262
0.711891
1.28626
0.648984
0.584535
0.900943
1.01325
1.10672
1.30333
1.08971
0.703148
0.98751
0.849795
0.855645
0.855645
0.855645
0.623587
0.623587
0.566583
1.19535
1.19535
1.04889
0.725833
0.783793
0.783793
0.976446
1.26038
0.539755
0.684149
0.993236
0.751757
0.548615
0.802244
0.802244
1.15811
1.15811
0.875234
0.687148
1.61842
0.458999
0.64359
0.771338
0.374906
1.61917
0.600042
0.369122
1.29093
0.889645
1.20565
1.05027
0.666512
0.989567
0.863438
1.54003
0.894949
0.494998
0.494998
0.854589
1.76555
1.20188
0.314282
1.23414
0.588698
0.792813
0.903989
1.48396
1.14729
0.764685
0.507002
1.07783
0.870056
1.2531
0.349923
0.349923
1.19646
0.697297
1.0774
1.29425
1.70751
0.75517
1.19942
1.89101
1.01608
1.01608
1.12272
1.89144
1.25138
1.12338
1.42527
0.615529
0.444964
0.675673
0.10378
0.596648
0.596648
0.596648
0.595051
0.595051
0.393589
1.21667
1.95844
1.68864
1.68864
1.13064
1.18443
2.52336
0.837666
0.815231
0.815231
1.7619
0.999261
0.97348
0.97348
1.83907
0.688857
0.688857
2.10469
1.78318
0.80673
1.06771
1.01374
0.90108
0.90108
0.847079
2.28203
0.71537
1.17914
0.826771
0.97414
1.12149
0.718242
0.718242
0.718242
0.888089
1.1001
0.90298
1.02068
1.02068
2.91606
1.06072
1.03815
1.32459
0.871626
1.06214
0.985401
1.0109
0.956819
0.972372
0.733256
0.556554
0.556554
0.556554
0.515213
0.764782
0.764782
1.51645
1.06347
1.04087
0.637467
0.647866
0.647866
1.33927
0.580268
0.706316
0.533817
1.40975
0.621911
0.667696
1.33988
1.32108
1.0417
0.726526
0.239564
1.37098
0.839288
0.96003
0.96003
0.834393
0.837784
0.615031
1.48507
1.13321
0.694459
0.694459
0.966404
1.05287
0.662395
1.67841
0.766867
0.692965
0.792999
0.934671
0.815736
1.01749
0.586627
1.35491
0.663485
0.598512
0.598512
1.4468
1.4468
1.14311
0.845045
1.11845
0.535462
0.79453
0.69752
0.69752
0.553928
1.04399
1.19145
0.874435
1.52059
3.32723
1.24079
1.51288
0.524361
0.691454
0.864409
0.602636
1.58847
0.898713
0.898713
0.755627
0.962127
0.672358
0.840659
1.16535
1.99251
1.99251
1.69895
0.494437
0.420596
0.160564
1.02814
1.29631
1.56948
1.6485
1.6485
2.06456
0.687047
0.872973
0.872973
2.28878
1.62599
0.888942
0.567177
0.567177
0.567177
1.04108
0.97757
1.14624
0.523781
1.32774
1.72319
1.06922
1.26452
0.678486
1.54527
1.54527
0.693964
1.25423
0.442994
0.442994
0.516113
0.873629
1.16642
0.641539
1.06267
0.760402
1.01069
1.24201
1.24201
0.848454
0.848454
1.90239
1.3205
0.635034
0.662503
0.791201
0.716555
0.69711
1.0041
1.0041
0.311033
0.311033
1.7875
0.888307
1.1479
0.814538
0.623999
0.623999
0.608733
0.288493
0.402658
0.183172
1.12696
0.716738
1.0404
0.803
0.869818
1.14878
0.654751
1.3938
0.858302
1.97167
0.580772
0.580772
0.877119
0.666183
0.666183
0.656061
1.32262
1.29229
0.745876
0.83284
1.12314
1.22156
0.922178
0.399889
0.507308
0.601659
0.78429
0.78429
1.01128
0.820005
1.05327
0.935233
0.935233
1.89829
1.40396
1.40396
1.40396
0.735684
0.916013
0.671017
0.671017
0.431445
0.620824
1.29821
0.980397
2.10077
1.49614
0.862589
0.899248
0.955997
3.39221
2.11913
1.47946
1.38692
0.837311
1.40084
1.40084
1.40084
0.842388
1.03594
1.03594
1.03594
2.07244
1.07491
1.34074
0.582754
0.87527
0.376681
1.0766
1.55398
0.437806
0.722033
0.728527
1.0356
0.657702
0.266936
0.679117
0.884823
0.830114
0.456017
0.807095
0.874422
0.716415
0.697779
1.29564
0.543821
1.79739
0.460406
0.460406
1.69299
1.04283
1.074
0.950149
0.51425
1.17058
0.733711
0.553252
0.683757
1.4612
1.57335
0.976257
0.707667
0.90296
0.790856
0.790856
0.667713
0.667713
1.1211
0.830656
1.05619
0.934372
1.02072
1.16833
1.16833
1.16833
0.824033
0.824033
0.975116
0.795284
1.35235
0.254225
0.598271
1.67968
0.688928
0.732159
0.732159
0.876713
0.584758
0.584758
0.584758
1.12781
0.790108
0.239151
0.239151
0.435059
1.1894
1.38716
0.861841
2.21004
1.19576
0.185297
0.185297
0.742574
0.742574
3.15152
3.15152
0.74736
1.53427
0.741081
0.741081
0.787844
1.81239
1.81239
0.405156
1.50824
0.602056
1.42697
0.620938
1.21677
0.341595
0.341595
0.341595
0.341595
0.744593
0.77695
1.42611
0.900355
0.296287
1.20932
0.423777
0.423777
1.04353
0.610341
0.610341
1.26367
1.26367
1.45305
0.424917
0.827846
0.877722
0.372973
0.630052
1.29232
1.28269
1.23324
0.664489
0.75256
0.298285
0.412188
0.412188
0.617591
1.03391
1.03391
1.03391
0.679633
1.24648
0.800994
0.551019
0.383571
0.826326
0.826326
0.853403
2.14637
0.436965
0.976067
0.976067
1.24136
0.850591
1.02636
1.29337
1.36683
1.36683
1.02495
0.493046
0.493046
0.493046
1.20168
0.707424
1.98686
1.98686
0.365057
1.09451
0.98928
0.760719
1.89379
0.513469
1.18597
1.14105
0.654329
0.504779
1.13411
0.629357
1.34968
1.64857
1.34968
1.34968
0.617962
0.617962
0.630129
0.630129
0.80107
0.308723
0.308723
0.308723
1.50135
1.36734
1.36734
0.910365
1.52116
0.955158
1.15045
0.750358
0.713435
0.996621
0.504501
2.68548
0.992001
1.31251
0.891183
0.553891
0.621626
0.621626
0.491353
0.551373
0.589954
1.10012
1.19293
0.366599
1.17144
0.998149
0.998149
0.957424
0.99855
0.533743
0.64842
1.28666
0.927463
1.37991
1.99688
0.715409
0.715409
0.391367
1.0489
0.984889
1.1206
1.12509
1.12509
0.189975
0.990752
0.898796
0.898796
0.369738
0.635543
0.701559
0.594192
1.34638
1.15817
0.697374
0.847821
0.923207
0.630805
0.894503
0.698812
0.307335
0.703393
0.724021
0.78317
0.48335
1.66911
0.775525
1.05598
1.81257
0.710247
1.78187
1.78187
1.1715
1.02368
0.577526
1.2349
0.663649
1.08219
0.86614
0.17672
0.17672
1.20686
0.213808
0.290131
1.50567
0.916772
1.33607
1.0185
1.03398
0.788277
0.788277
1.26813
2.16361
1.80412
0.383294
0.636003
0.636003
1.05154
1.47025
1.53316
0.391593
0.674226
0.772292
0.921712
1.46168
1.05733
1.29807
1.29807
0.737067
1.25885
1.68108
0.723954
0.53146
0.493787
0.493787
2.30241
2.0173
0.488271
1.02695
0.697663
0.697663
0.979655
0.827101
0.720158
0.720158
0.953374
0.507078
1.24794
1.09248
0.0829399
0.647076
1.24327
0.72282
0.72282
1.41849
1.04131
1.53001
0.65925
0.469117
0.794685
0.76724
0.877616
0.446175
1.13211
1.27209
1.27209
0.719061
0.651891
0.651891
0.748909
1.58366
0.640412
0.971443
0.665973
1.33623
0.687569
0.803802
0.803802
1.3247
1.60899
1.17775
2.47283
1.02852
0.380495
0.380495
0.546969
1.42798
1.35944
0.987629
0.802771
0.802771
0.967579
0.755138
1.2264
1.43759
1.43759
0.822056
1.24417
1.04628
1.1996
0.930988
0.255587
0.563505
1.26011
1.10868
0.572649
1.72511
0.873918
0.698878
0.74938
0.470021
1.62567
1.10466
1.10466
1.24045
1.38662
1.37812
2.04062
0.720172
0.565554
0.57913
1.24951
0.842111
1.28084
0.959983
2.11468
1.28914
1.23472
0.770921
1.71536
1.71536
1.71536
0.742797
1.77764
0.188384
0.188384
1.05517
0.673828
0.409462
0.409462
0.409462
1.3012
1.27674
1.27674
1.31504
0.766463
0.766463
0.766463
1.39791
0.97572
1.08387
1.06266
1.06266
0.702296
0.963023
0.562514
0.562514
0.408293
0.408293
2.61364
2.61364
1.66368
1.09251
0.735721
0.815673
1.1573
2.07313
0.593204
1.23355
1.19229
1.92787
0.92397
0.92397
1.25339
0.83901
0.990666
0.582429
0.184121
0.184121
1.19934
1.25717
1.63671
0.810425
0.590337
1.03084
1.07546
1.07546
0.989114
0.989114
1.09225
0.586862
0.996406
1.56565
0.697721
0.697721
0.881088
0.928635
1.43724
1.81962
0.823609
1.15435
0.730835
0.730835
0.773882
1.05577
0.485331
0.485331
1.25698
0.741682
1.57329
1.71139
0.582108
0.771733
1.50594
0.757325
0.694724
0.694724
1.12471
1.13371
0.786019
0.786019
0.786019
1.33049
1.33049
1.33049
1.226
1.30795
0.531889
0.531889
0.904977
0.721568
0.497287
1.82836
0.491233
0.578045
1.50441
1.87085
1.59654
2.14959
1.72946
0.443629
0.649894
1.29173
0.654131
0.654131
0.924072
0.942667
1.05941
1.68005
1.00027
1.00027
1.22318
1.22318
0.359534
0.554271
1.02486
0.815426
1.21385
0.955902
0.955902
0.893341
0.893341
0.746833
1.07315
1.3159
1.48029
1.42275
1.00197
1.34059
0.466795
0.596643
0.599687
1.18791
1.0625
1.20372
1.05941
0.833808
1.77667
0.968462
1.40789
1.0368
0.957792
1.80841
0.748612
0.450003
1.30386
0.28757
0.542275
0.663467
0.663467
0.968674
0.91652
0.91652
1.48721
0.832017
0.876647
1.90889
1.79235
1.59187
1.11205
0.76517
1.20317
0.481819
0.864513
0.279508
0.279508
0.460536
1.20727
1.05091
1.45628
1.00563
0.389827
0.896425
1.00871
0.742052
0.516869
1.02692
1.02692
1.11105
1.37262
0.241705
0.844495
0.174228
0.483301
1.89838
1.09008
1.3103
1.03139
1.25453
0.82985
0.972253
0.972253
0.972253
0.972253
0.936723
0.936723
0.660584
0.90666
0.463688
0.463688
1.58529
0.924773
1.46833
0.945096
1.63739
1.24114
1.24114
1.61521
0.833855
0.704217
1.26012
1.26012
0.656901
0.596476
0.656901
0.44733
0.798302
1.20377
0.883043
0.132852
0.835586
1.48411
1.50284
1.50284
1.29294
0.642951
0.924181
1.13405
1.42789
1.28864
1.49572
1.33915
1.18058
1.26964
0.375885
1.64302
0.904707
0.773498
1.01135
1.60772
0.800644
1.34991
1.34991
2.79147
0.742287
0.978659
0.978659
1.6074
0.753264
0.894465
1.27627
0.480079
0.480079
0.511684
0.808749
0.978875
2.13681
2.43446
1.2577
1.01825
0.228815
0.641474
0.933753
0.933753
1.14288
1.63437
0.822617
0.643332
1.97361
1.42943
1.04966
0.712616
1.13454
1.13454
1.13454
1.07028
1.16638
0.583595
2.13389
0.970826
0.970826
0.837316
1.28867
1.28867
1.00214
1.36739
1.37989
1.55918
0.672262
0.672262
0.967934
1.32893
0.792506
0.792506
2.10908
0.879825
0.950443
1.76091
0.943158
0.669468
0.669468
0.669468
1.61408
0.794083
1.52462
1.29316
1.13313
0.973954
0.815808
0.967885
0.751063
1.06781
1.3269
1.06781
1.12939
0.703021
0.619901
0.619901
0.619901
1.36473
0.508196
0.508196
0.785998
1.60102
0.736201
0.736201
1.93752
0.627871
1.14699
1.18933
1.58007
1.5056
0.565928
0.801595
0.801595
0.713672
1.47773
1.47773
0.816634
1.0962
0.791898
1.44847
1.36885
0.53918
0.92927
0.92927
0.92927
2.05553
1.26573
1.26573
0.584689
0.920947
1.21015
1.02398
2.34256
1.38189
1.09292
0.80503
0.574167
1.90455
0.62757
0.831758
1.02575
1.2933
1.73635
0.933569
0.952397
1.37454
1.15704
1.15704
1.86213
1.86213
1.04125
1.47561
1.47561
0.84693
0.648849
0.855843
0.587829
0.666961
1.15174
0.81636
1.19243
0.777555
1.85336
1.00076
1.13908
1.13908
0.515039
0.515039
0.942146
1.0965
1.07161
1.60316
0.538384
0.538384
0.586752
0.386027
0.919993
1.78674
1.01062
1.11481
0.337819
0.337819
0.970021
1.6878
1.72746
2.96138
1.17554
1.17554
1.02748
1.02748
1.51565
1.22279
0.926681
0.883453
0.344967
0.679328
0.296421
0.6389
1.07945
0.313421
1.36943
1.07385
0.704318
1.79017
1.79017
1.14508
2.08959
0.496169
0.899485
0.702798
1.36758
1.36758
1.15222
1.89315
1.14685
1.14685
0.475575
1.21836
0.785527
1.1293
0.523877
1.00968
1.72878
1.7144
1.52373
0.822301
0.976924
1.12001
1.44065
1.16181
0.816659
0.816659
0.920132
0.920132
0.920132
1.02944
0.970358
1.7575
1.66028
0.398031
0.398031
1.40417
0.603261
0.814863
1.25747
0.580882
0.479898
0.720905
0.771116
0.771116
0.771116
1.5061
1.5061
1.00145
1.49246
0.968017
0.968017
1.00511
1.31105
0.3364
0.75401
1.5331
0.594033
1.227
0.61434
1.41588
1.2313
0.911846
0.842906
0.930587
0.930587
1.89046
1.00902
0.75857
0.75857
0.442875
0.852419
1.58529
0.904894
1.58854
0.804461
1.88855
1.0558
1.3358
0.659792
0.659792
0.836163
0.447722
1.94401
0.438465
0.981278
1.08291
1.15785
1.14676
1.14676
0.871902
1.61364
0.693009
1.52639
0.777519
0.770265
0.770265
0.770265
1.89513
