1		216.233 374.798 51270 2		183,	183		530.433 736.34 82965 2		575,	575		918.817 1117.46 151511 2		297,	297		1375.77 1606.44 102846 2		5,	
1		1437.92 1703.57 51359 2		500,	500		4183.32 4353.46 307366 2		5,	
1		216.233 374.798 51270 2		183,	183		1315.22 1501.96 82818 2		64,	64		4232.4 4418.6 231243 2		6,	
1		1379.48 1547.14 51279 2		223,	223		3690.35 3847.7 258952 2		142,	142		3949.43 4022.93 244798 2		7,	
1		446.717 550.862 51323 2		378,	378		554.533 631.407 117178 2		391,	391		954.783 1184.57 119521 2		549,	549		1410.6 1509.37 146962 2		10,	
1		446.717 550.862 51323 2		378,	378		554.533 631.407 117178 2		391,	391		954.783 1184.57 119521 2		549,	549		1410.6 1509.37 146962 2		10,	
1		990.767 1144.93 51275 2		211,	211		3630.63 3801.58 256833 2		87,	87		4477.1 4675.1 235183 2		12,	
1		163.483 288.06 51259 2		148,	148		626.633 797.05 76932 2		325,	325		903.283 1073.24 107720 2		13,	
1		4557.05 4728.24 220344 2		434,	434		4969.37 5197.97 295975 2		17,	
1		446.717 550.862 51323 2		378,	378		661.583 856.003 117236 2		564,	564		1068.6 1150 149549 2		18,	
1		4046.72 4150.86 220328 2		378,	378		4768.48 4983.16 286079 2		19,	
1		4046.72 4150.86 220328 2		378,	378		4768.48 4983.16 286079 2		19,	
1		1379.48 1547.14 51279 2		223,	223		4329.25 4414.06 258923 2		23,	
1		1379.48 1547.14 51279 2		223,	223		3690.35 3847.7 258952 2		142,	142		3949.43 4022.93 244798 2		7,	7		4107.8 4303.24 221288 2		92,	92		4874.58 5014.5 236042 2		28,	
1		990.767 1144.93 51275 2		211,	211		3629.47 3898.81 256971 2		544,	544		4979.02 5040.91 315088 2		30,	
1		1437.92 1703.57 51359 2		500,	500		5025.38 5229.57 307369 2		32,	
1		957.05 1128.24 51339 2		434,	434		1394.35 1556.45 127006 2		158,	158		4483.18 4728.17 247570 2		38,	
1		1379.48 1547.14 51279 2		223,	223		4833.08 4946.11 259062 2		563,	563		5030.77 5108.75 318378 2		40,	
1		1379.48 1547.14 51279 2		223,	223		4833.08 4946.11 259062 2		563,	563		5030.77 5108.75 318378 2		40,	
1		957.05 1128.24 51339 2		434,	434		3627.08 3743.74 296041 2		270,	270		3988.65 4082.35 267241 2		44,	
1		741.383 870.984 51332 2		405,	405		1061.02 1139.88 122029 2		626,	626		4506.58 4634.6 329438 2		35,	35		4637.68 4905.11 226165 2		50,	
1		990.767 1144.93 51275 2		211,	211		1387.55 1514 87944 2		465,	465		4059.15 4243.67 301421 2		52,	
1		548.683 698.486 51386 2		591,	591		749.567 850.893 154366 2		262,	262		1151.68 1245.36 96735 2		109,	109		1246.52 1399.17 70119 2		53,	
1		446.717 550.862 51323 2		378,	378		554.533 631.407 117178 2		391,	391		1215.2 1335.88 119514 2		529,	529		1383.82 1553.74 143438 2		57,	
1		1379.48 1547.14 51279 2		223,	223		4454 4525.51 258937 2		60,	
1		1029.4 1235.26 51375 2		547,	547		3972.07 4141.85 315636 2		61,	
1		446.717 550.862 51323 2		378,	378		560.983 689.414 117235 2		564,	564		728.767 1122.15 149559 2		62,	
